01111110
01111110
01111110
01111110
01111110
01111110
00000000
00000000 //NUL
01111110
01111110
01111110
01111110
01111110
01111110
00000000
00000000 //SOH
01111110
01111110
01111110
01111110
01111110
01111110
00000000
00000000 //STX
01111110
01111110
01111110
01111110
01111110
01111110
00000000
00000000 //ETX
01111110
01111110
01111110
01111110
01111110
01111110
00000000
00000000 //EOT
01111110
01111110
01111110
01111110
01111110
01111110
00000000
00000000 //ENQ
01111110
01111110
01111110
01111110
01111110
01111110
00000000
00000000 //ACK
01111110
01111110
01111110
01111110
01111110
01111110
00000000
00000000 //BEL
01111110
01111110
01111110
01111110
01111110
01111110
00000000
00000000 //BS
00000000
00000000
00000000
00000000
00000000
00000000
00000000
00000000 //TAB
01111110
01111110
01111110
01111110
01111110
01111110
00000000
00000000 //LF
01111110
01111110
01111110
01111110
01111110
01111110
00000000
00000000 //VT
01111110
01111110
01111110
01111110
01111110
01111110
00000000
00000000 //FF
01111110
01111110
01111110
01111110
01111110
01111110
00000000
00000000 //CR
01111110
01111110
01111110
01111110
01111110
01111110
00000000
00000000 //SO
01111110
01111110
01111110
01111110
01111110
01111110
00000000
00000000 //SI
01111110
01111110
01111110
01111110
01111110
01111110
00000000
00000000 //DLE
01111110
01111110
01111110
01111110
01111110
01111110
00000000
00000000 //DC1
01111110
01111110
01111110
01111110
01111110
01111110
00000000
00000000 //DC2
01111110
01111110
01111110
01111110
01111110
01111110
00000000
00000000 //DC3
01111110
01111110
01111110
01111110
01111110
01111110
00000000
00000000 //DC4
01111110
01111110
01111110
01111110
01111110
01111110
00000000
00000000 //NAK
01111110
01111110
01111110
01111110
01111110
01111110
00000000
00000000 //SYN
01111110
01111110
01111110
01111110
01111110
01111110
00000000
00000000 //ETB
01111110
01111110
01111110
01111110
01111110
01111110
00000000
00000000 //CAN
01111110
01111110
01111110
01111110
01111110
01111110
00000000
00000000 //EM
01111110
01111110
01111110
01111110
01111110
01111110
00000000
00000000 //SUB
01111110
01111110
01111110
01111110
01111110
01111110
00000000
00000000 //ESC
01111110
01111110
01111110
01111110
01111110
01111110
00000000
00000000 //FS
01111110
01111110
01111110
01111110
01111110
01111110
00000000
00000000 //GS
01111110
01111110
01111110
01111110
01111110
01111110
00000000
00000000 //RS
01111110
01111110
01111110
01111110
01111110
01111110
00000000
00000000 //US
00000000
00000000
00000000
00000000
00000000
00000000
00000000
00000000 //SPACE
00011000
00011000
00011000
00011000
00011000
00000000
00011000
00000000 //!
01101100
01101100
00000000
00000000
00000000
00000000
00000000
00000000 //"
01101100
01101100
11111110
01101100
11111110
01101100
01101100
00000000 //#
00011000
00111110
01100000
00111100
00000110
01111100
00011000
00000000 //$
00000000
01100110
10101100
11011000
00110110
01101010
11001100
00000000 //%
00111000
01101100
01101000
01110110
11011100
11001110
01111011
00000000 //&
00011000
00011000
00110000
00000000
00000000
00000000
00000000
00000000 //'
00001100
00011000
00110000
00110000
00110000
00011000
00001100
00000000 //(
00110000
00011000
00001100
00001100
00001100
00011000
00110000
00000000 //)
00000000
01100110
00111100
11111111
00111100
01100110
00000000
00000000 //*
00000000
00011000
00011000
01111110
00011000
00011000
00000000
00000000 //+
00000000
00000000
00000000
00000000
00000000
00011000
00011000
00110000 //,
00000000
00000000
00000000
01111110
00000000
00000000
00000000
00000000 //-
00000000
00000000
00000000
00000000
00000000
00011000
00011000
00000000 //.
00000011
00000110
00001100
00011000
00110000
01100000
11000000
00000000 ///
00111100
01100110
01101110
01111110
01110110
01100110
00111100
00000000 //0
00011000
00111000
01111000
00011000
00011000
00011000
00011000
00000000 //1
00111100
01100110
00000110
00001100
00011000
00110000
01111110
00000000 //2
00111100
01100110
00000110
00011100
00000110
01100110
00111100
00000000 //3
00011100
00111100
01101100
11001100
11111110
00001100
00001100
00000000 //4
01111110
01100000
01111100
00000110
00000110
01100110
00111100
00000000 //5
00011100
00110000
01100000
01111100
01100110
01100110
00111100
00000000 //6
01111110
00000110
00000110
00001100
00001100
00011000
00011000
00000000 //7
00111100
01100110
01100110
00111100
01100110
01100110
00111100
00000000 //8
00111100
01100110
01100110
00111110
00000110
00001100
00111000
00000000 //9
00000000
00011000
00011000
00000000
00000000
00011000
00011000
00000000 //:
00000000
00011000
00011000
00000000
00000000
00011000
00011000
00110000 //;
00000000
00000110
00011000
01100000
00011000
00000110
00000000
00000000 //<
00000000
00000000
01111110
00000000
01111110
00000000
00000000
00000000 //=
00000000
01100000
00011000
00000110
00011000
01100000
00000000
00000000 //<
00111100
01100110
00000110
00001100
00011000
00000000
00011000
00000000 //?
00111100
01100110
01011010
01011010
01011110
01100000
00111100
00000000 //@
00111100
01100110
01100110
01111110
01100110
01100110
01100110
00000000 //A
01111100
01100110
01100110
01111100
01100110
01100110
01111100
00000000 //B
00011110
00110000
01100000
01100000
01100000
00110000
00011110
00000000 //C
01111000
01101100
01100110
01100110
01100110
01101100
01111000
00000000 //D
01111110
01100000
01100000
01111000
01100000
01100000
01111110
00000000 //E
01111110
01100000
01100000
01111000
01100000
01100000
01100000
00000000 //F
00111100
01100110
01100000
01101110
01100110
01100110
00111110
00000000 //G
01100110
01100110
01100110
01111110
01100110
01100110
01100110
00000000 //H
00111100
00011000
00011000
00011000
00011000
00011000
00111100
00000000 //I
00000110
00000110
00000110
00000110
00000110
01100110
00111100
00000000 //J
11000110
11001100
11011000
11110000
11011000
11001100
11000110
00000000 //K
01100000
01100000
01100000
01100000
01100000
01100000
01111110
00000000 //L
11000110
11101110
11111110
11010110
11000110
11000110
11000110
00000000 //M
11000110
11100110
11110110
11011110
11001110
11000110
11000110
00000000 //N
00111100
01100110
01100110
01100110
01100110
01100110
00111100
00000000 //O
01111100
01100110
01100110
01111100
01100000
01100000
01100000
00000000 //P
01111000
11001100
11001100
11001100
11001100
11011100
01111110
00000000 //Q
01111100
01100110
01100110
01111100
01101100
01100110
01100110
00000000 //R
00111100
01100110
01110000
00111100
00001110
01100110
00111100
00000000 //S
01111110
00011000
00011000
00011000
00011000
00011000
00011000
00000000 //T
01100110
01100110
01100110
01100110
01100110
01100110
00111100
00000000 //U
01100110
01100110
01100110
01100110
00111100
00111100
00011000
00000000 //V
11000110
11000110
11000110
11010110
11111110
11101110
11000110
00000000 //W
11000011
01100110
00111100
00011000
00111100
01100110
11000011
00000000 //X
11000011
01100110
00111100
00011000
00011000
00011000
00011000
00000000 //Y
11111110
00001100
00011000
00110000
01100000
11000000
11111110 
00000000 //Z
00111100
00110000
00110000
00110000
00110000
00110000
00111100
00000000 //[
11000000
01100000
00110000
00011000
00001100
00000110
00000011
00000000 //\
00111100
00001100
00001100
00001100
00001100
00001100
00111100
00000000 //]
00011000
00111100
01100110
00000000
00000000
00000000
00000000
00000000 //^
00000000
00000000
00000000
00000000
00000000
00000000
11111100
00000000 //_
00011000
00001100
00000000
00000000
00000000
00000000
00000000
00000000 //`
00000000
00000000
00111100
00000110
00111110
01100110
00111110
00000000 //a
01100000
01100000
01111100
01100110
01100110
01100110
01111100
00000000 //b
00000000
00000000
00111100
01100000
01100000
01100000
00111100
00000000 //c
00000110
00000110
00111110
01100110
01100110
01100110
00111110
00000000 //d
00000000
00000000
00111100
01100110
01111110
01100000
00111100
00000000 //e
00011100
00110000
01111100
00110000
00110000
00110000
00110000
00000000 //f
00000000
00000000
00111110
01100110
01100110
00111110
00000110
00111100 //g
01100000
01100000
01100000
01111100
01100110
01100110
01100110
00000000 //h
00011000
00000000
00011000
00011000
00011000
00011000
00001100
00000000 //i
00001100
00000000
00001100
00001100
00001100
00001100
00001100
00111000 //j
01100000
01100000
01100110
01101100
01111000
01101100
01100110
00000000 //k
00011000
00011000
00011000
00011000
00011000
00011000
00001100
00000000 //l
00000000
00000000
11101100
11111110
11010110
11000110
11000110
00000000 //m
00000000
00000000
01111100
01100110
01100110
01100110
01100110
00000000 //n
00000000
00000000
00111100
01100110
01100110
01100110
00111100
00000000 //o
00000000
00000000
01111100
01100110
01100110
01111100
01100000
01100000 //p
00000000
00000000
00111110
01100110
01100110
00111110
00000110
00000110 //q
00000000
00000000
01111100
01100110
01100000
01100000
01100000
00000000 //r
00000000
00000000
00111100
01100000
00111100
00000110
01111100
00000000 //s
00110000
00110000
01111100
00110000
00110000
00110000
00011100
00000000 //t
00000000
00000000
01100110
01100110
01100110
01100110
00111110
00000000 //u
00000000
00000000
01100110
01100110
01100110
00111100
00011000
00000000 //v
00000000
00000000
11000110
11000110
11010110
11111110
01101100
00000000 //w
00000000
00000000
11000110
01101100
00111000
01101100
11000110
00000000 //x
00000000
00000000
01100110
01100110
01100110
00111100
00011000
00110000 //y
00000000
00000000
01111110
00001100
00011000
00110000
01111110
00000000 //z
00001100
00011000
00011000
00110000
00011000
00011000
00001100
00000000 //{
00011000
00011000
00011000
00011000
00011000
00011000
00011000
00000000 //|
00110000
00011000
00011000
00001100
00011000
00011000
00110000
00000000 //}
00000000
01110110
11011100
00000000
00000000
00000000
00000000
00000000 //~
00000000
00000000
00000000
00000000
00000000
00000000
00000000
00000000 //DEL
